1        3.92995
1         2.6543
1        5.55173
1        4.62832
1        5.91437
1        3.69876
1        5.01774
1        5.76805
1        2.97325
1        5.40272
2       0.514961
2        3.40912
2        2.79536
2        3.71997
2        2.31796
2        4.42733
2        5.17461
2        1.54131
2        4.50826
2        4.71705
3        2.05146
3        3.72331
3        1.91794
3        2.54065
3       0.447434
3        5.54079
3        4.28135
3       0.343455
3        2.92514
3        5.36298
4       0.297575
4        4.16649
4        1.35467
4        4.13659
4        3.50589
4        4.98012
4         4.4691
4        1.17919
4        3.86187
4        1.21843
5        1.98852
5        3.19518
5        4.20176
5       0.990234
5        5.99581
5        3.20644
5       0.105721
5        4.05046
5        5.37081
5       0.608347
6        1.51204
6        5.64169
6       0.821748
6        2.25502
6        4.67913
6        2.98597
6         2.3792
6        0.74156
6         0.9751
6        6.21299
7        2.37974
7        3.76477
7        5.10696
7        5.32897
7        4.29404
7        4.64088
7       0.268596
7        1.85427
7       0.933923
7        4.39296
8        3.00917
8        1.67739
8        3.00865
8        2.16826
8        1.09486
8        3.84859
8        6.15384
8        2.07826
8        4.04636
8       0.367002
9        1.80812
9        1.10362
9        1.23988
9        2.13192
9         4.2824
9         3.5323
9        3.44807
9        1.48727
9        6.15794
9        4.65825
10        3.29368
10        2.18854
10       0.898853
10        3.92158
10        1.45969
10        1.34122
10         2.8527
10       0.774805
10        2.22506
10        6.16917
11        2.85397
11        1.53473
11         4.2362
11       0.197748
11       0.446559
11        3.85413
11        1.83706
11        5.90929
11        0.63369
11        2.14898
12         5.4298
12        5.13826
12        1.86028
12       0.351282
12        3.57039
12        3.96204
12        2.63222
12        5.49846
12        1.11023
12        4.89452
13        3.96255
13        4.42717
13       0.338329
13       0.462896
13         2.2087
13        5.80475
13        5.73642
13        2.23465
13       0.305441
13       0.521394
14       0.690699
14        3.92848
14        5.35748
14       0.700768
14        3.55755
14          4.515
14         4.2918
14        1.61046
14        5.02169
14       0.895873
15        3.88562
15        5.45112
15        1.66703
15        5.51321
15        4.70224
15        5.51728
15        2.93553
15        3.62187
15         3.3091
15        1.16707
16        5.47857
16        2.08446
16       0.562739
16        3.08452
16       0.984461
16        5.10207
16        0.47569
16       0.566251
16        3.00671
16       0.150479
17        4.84133
17        6.23074
17        4.00645
17       0.420499
17        1.28026
17        1.14402
17        2.94096
17        1.83716
17        5.08169
17         2.7431
18        1.45016
18        5.57162
18       0.787174
18        4.94143
18        3.53671
18        5.21663
18        4.61223
18        4.55213
18        1.41824
18       0.124303
19        1.66524
19       0.234642
19        2.23641
19        5.15316
19        1.37721
19        6.06371
19        5.88816
19        2.18634
19        2.07004
19        4.86764
20        4.19499
20        1.46423
20        3.69075
20        1.85472
20        1.51656
20       0.838268
20        4.74948
20        4.22964
20        3.94999
20        3.96033
21          3.812
21          2.544
21         2.6646
21        2.68222
21        4.18614
21        2.17234
21        3.56343
21        4.20237
21        4.19599
21        2.43197
22       0.977784
22        2.53734
22        4.08546
22       0.202573
22        1.02558
22        2.11434
22        2.12289
22        6.14795
22        1.34634
22        1.66088
23        1.26497
23        4.18793
23        4.95556
23        5.51948
23         4.8511
23        2.15938
23        3.69256
23        2.48755
23         2.6679
23        4.57101
24        0.27067
24      0.0730459
24          0.544
24        3.34791
24        1.77594
24       0.200795
24        2.51195
24        1.79331
24       0.576656
24        4.82873
25        2.30104
25        3.00337
25       0.234877
25        0.83682
25        4.59117
25        5.28506
25         1.0033
25        1.79235
25        3.84548
25        6.20061
26        2.76993
26        4.51422
26        2.45348
26        3.97679
26        1.07388
26         1.3166
26        5.67101
26        2.42646
26        3.03857
26        3.77574
27        3.45028
27        2.26041
27        5.43085
27        3.26288
27        1.33289
27        1.01307
27        5.18624
27      0.0863098
27        1.90305
27        3.94257
28        0.96068
28        2.75602
28        1.38665
28       0.965559
28        2.04087
28        1.04862
28         3.0134
28        2.17374
28       0.926687
28        6.02255
29        5.79101
29        2.79089
29        3.87828
29        5.80161
29        2.69591
29         5.0812
29       0.829891
29        6.21661
29        3.38711
29        1.10631
30        2.69216
30       0.724448
30         3.7057
30         3.0487
30       0.234369
30        1.28978
30        1.88945
30        1.20832
30       0.141038
30       0.613745
31        1.58142
31        5.29619
31        5.08111
31        4.29683
31        3.84558
31       0.609239
31        4.70313
31        2.75775
31       0.970683
31        2.12078
32         3.9558
32        4.75305
32        3.62127
32        2.34521
32         4.1985
32        0.28779
32        3.51567
32        4.27392
32         2.6674
32        1.59123
33        2.73713
33         2.3056
33         3.7875
33          5.322
33        2.31096
33        2.47964
33        1.10683
33        4.79433
33        2.95277
33       0.579081
34        3.93296
34         4.0616
34       0.648382
34       0.642621
34         3.6167
34        3.11462
34       0.934895
34        3.56209
34         5.7473
34      0.0953443
35         5.6096
35        2.97251
35       0.251941
35        4.04276
35        3.69275
35        2.08737
35        1.32381
35          6.281
35       0.981834
35        5.72841
36        1.34692
36        2.24631
36        4.43626
36        1.43788
36       0.372684
36         4.6002
36        4.03229
36        2.45934
36        1.51488
36        1.14316
37        3.07376
37         4.9902
37        5.22999
37        5.48159
37        1.08242
37        4.92958
37        3.48453
37        6.10413
37       0.229149
37       0.488329
38         2.9933
38       0.531062
38        3.43894
38        6.19313
38        2.37908
38        1.48433
38       0.277549
38        1.01631
38        2.04189
38        5.54802
39        4.91158
39       0.436873
39        1.96842
39        2.87424
39        2.83692
39       0.682807
39        4.06379
39        5.55001
39        6.16225
39         4.4675
40        4.69908
40         1.1801
40         2.4026
40        1.26097
40        6.27155
40        1.59596
40        6.09814
40        2.14013
40        5.97495
40        2.47565
41        0.52537
41        2.00934
41        4.55872
41        3.89092
41         2.8767
41        5.35742
41        2.42575
41        3.93551
41         4.9668
41        5.34407
42         4.8416
42        2.46537
42        1.26372
42       0.363965
42        5.52643
42        2.35871
42        2.46916
42        3.91275
42        1.24086
42       0.957657
43       0.482292
43        3.68931
43        2.13032
43       0.818401
43        2.44356
43        2.63025
43        2.25541
43        1.30914
43      0.0703092
43       0.821109
44       0.263251
44        1.02567
44        2.06768
44         2.0397
44       0.358995
44        3.12456
44         1.8183
44         4.0071
44        5.29317
44         1.7491
45        1.36833
45         1.9777
45        1.07093
45        4.30582
45        5.85444
45        4.84472
45       0.561233
45        4.89438
45        1.60619
45       0.270149
46        0.91516
46        3.87118
46        3.96866
46        4.06802
46        4.47599
46       0.643715
46         4.4655
46         2.0602
46         3.0067
46       0.469058
47        2.86455
47        3.38375
47        4.16012
47        2.18269
47        3.81186
47       0.780017
47        5.34825
47         2.9792
47        1.88476
47        4.31585
48        5.28463
48        3.32067
48        4.65826
48       0.748265
48        1.28083
48        1.05218
48        3.55588
48        2.70462
48        1.60218
48        5.22791
49        4.05265
49        4.20906
49        6.24728
49       0.934058
49      0.0343218
49        4.17704
49        3.34702
49        1.41021
49        3.38328
49        2.33728
50        3.02012
50       0.465508
50        3.64581
50        3.70334
50        5.98844
50       0.643847
50        1.25963
50        5.21399
50         4.1056
50        4.57895
51        3.07827
51        6.22178
51       0.660965
51         5.5361
51       0.228301
51        3.41187
51        6.12875
51        4.08225
51        5.89627
51       0.159283
52        1.51253
52        4.38173
52        4.87289
52        5.30653
52         2.6208
52        5.45612
52        4.32664
52        2.14562
52        1.85998
52        5.47961
53        6.03992
53        2.16485
53         4.7577
53        2.42523
53        3.80715
53        1.46563
53        3.78579
53        6.03074
53         1.4404
53        4.11856
54        3.23208
54        1.35254
54        5.68338
54        5.96197
54        1.72998
54        2.37635
54        5.60046
54        4.55933
54        2.97502
54       0.269008
55        2.07641
55        3.89071
55          5.092
55         3.8428
55        2.18857
55        3.79065
55        5.65323
55        1.72629
55        5.66274
55        4.39959
56        5.39895
56        5.39165
56        1.40182
56        4.96679
56       0.513464
56        3.43746
56        6.17061
56         1.6327
56        1.44523
56        5.10976
57        5.47961
57        5.15636
57         5.3287
57        4.36852
57       0.849529
57        3.00567
57       0.988137
57         2.5474
57        1.22508
57        5.71276
58        5.02295
58        6.15912
58        3.84378
58         6.2026
58        1.35866
58        5.22072
58        4.98588
58       0.919269
58        3.64163
58        3.36076
59        5.54909
59        3.81189
59        4.53284
59        3.51996
59        2.69639
59        3.07915
59        4.52705
59        1.39366
59        1.69913
59        3.82989
60        4.48836
60        4.24905
60        6.16543
60        2.53756
60        2.70706
60       0.608283
60        4.14731
60        4.65217
60         1.1298
60        2.96819
61        6.03605
61        3.36896
61        2.45065
61      0.0694391
61        4.19985
61        4.61377
61        4.07488
61        4.17917
61        6.09327
61        3.24942
62          5.948
62        4.18873
62        3.83296
62        3.05315
62        5.35484
62        3.41787
62        5.90609
62        2.49657
62        5.11138
62       0.518422
63        4.87032
63        3.27733
63        4.45834
63        4.30947
63        2.93859
63       0.918425
63       0.420225
63        6.03626
63         5.1164
63        3.08854
64        5.03318
64        5.86252
64        4.07769
64        4.38222
64        4.82202
64        5.72044
64        5.77369
64        4.01143
64        1.91889
64        3.52293
65        2.46228
65        4.80759
65        6.26871
65        1.42694
65        4.00127
65        3.72787
65        1.65734
65        5.67498
65        2.57712
65        6.22936
66         4.3659
66        3.06514
66        5.69456
66        3.04149
66        5.01546
66         3.6037
66        1.53395
66         1.1882
66        4.56043
66        3.73019
67       0.470606
67        3.02894
67        1.01008
67        1.76178
67        6.26681
67        2.27552
67        3.01541
67        5.30021
67        4.91139
67        4.93815
68       0.112644
68        5.07518
68        6.28268
68        2.38477
68        3.62749
68        1.60946
68         3.0222
68         0.5218
68        1.35708
68        3.71204
69        1.83479
69         5.6723
69       0.344899
69        5.70646
69         3.6833
69        3.32743
69        3.42522
69        2.30507
69        0.14882
69        4.48809
70        2.80157
70      0.0139699
70        3.78807
70        2.91162
70        4.75433
70       0.905303
70        0.82004
70        3.45536
70        5.11623
70        2.06053
71        2.98787
71        5.37356
71        2.50732
71        1.37889
71       0.881649
71        3.28342
71         1.4481
71        1.48436
71         2.3743
71       0.575213
72        1.47171
72        2.78128
72      0.0576958
72        2.25909
72        4.71884
72        3.73377
72        5.18445
72        4.02817
72       0.681456
72       0.459347
73        5.67237
73         1.9644
73        3.57831
73        4.48014
73        5.19768
73        6.20526
73        2.07789
73        1.17725
73       0.239255
73        1.56405
74       0.317743
74        3.01429
74        2.77619
74        2.81632
74       0.908612
74        4.66733
74        4.32708
74        4.16007
74        3.57128
74          0.678
75        4.94249
75        2.04694
75       0.488431
75        1.99529
75      0.0737758
75         5.1593
75        5.17411
75        5.16152
75        4.73492
75         3.2002
76        3.44905
76       0.616086
76        1.99392
76        1.77579
76         2.9797
76        5.05772
76        3.75416
76        3.74916
76        6.06744
76         1.5767
77        5.51459
77        1.88819
77        1.25762
77        1.85975
77        2.05634
77        3.93159
77        4.17242
77         3.5608
77       0.559449
77        1.71279
78        5.21351
78        1.66268
78        4.97959
78       0.844726
78       0.796805
78         2.1063
78       0.558598
78        3.76267
78         6.1528
78      0.0143168
79        2.09963
79        2.37592
79        3.07272
79        5.17518
79         2.9009
79        2.55648
79       0.253885
79         0.7726
79        5.18841
79        5.62477
80        2.15397
80        2.70445
80       0.527495
80        6.15044
80        4.91656
80         5.5622
80        5.92195
80        5.38128
80        2.86646
80       0.537041
81        6.18663
81        5.67224
81        5.67142
81        2.48616
81        5.24329
81        4.32306
81        1.95626
81        0.55896
81        2.31277
81        1.14384
82        2.33758
82        5.43634
82        4.58265
82        1.74837
82        2.06334
82        4.90148
82        1.08029
82        6.13681
82        4.03659
82       0.903496
83        3.20998
83         2.2921
83        4.49464
83        4.25321
83         4.5754
83        4.82195
83         3.8706
83        2.84674
83        2.26211
83        2.89481
84       0.867409
84        4.64199
84         2.2241
84       0.839982
84        5.97751
84        3.49126
84         2.0556
84        4.02074
84        3.67774
84        2.54518
85        3.78805
85       0.925026
85       0.248386
85        5.97738
85        4.06746
85        2.29704
85        2.72855
85        2.95963
85        5.46119
85        6.08066
86        4.28038
86        4.61952
86       0.969593
86        1.96975
86         5.7669
86        1.53656
86        4.55908
86        2.39444
86        0.78401
86        5.22272
87        4.37622
87        2.58635
87        3.37671
87       0.344983
87        4.21816
87        1.08407
87        5.68353
87        4.83682
87        1.26984
87        5.39861
88        3.38778
88        3.19946
88        3.59694
88        3.15851
88       0.669255
88        5.97174
88        3.92858
88        1.43337
88        5.33171
88        5.46044
89        1.85482
89        4.64287
89        3.44656
89         3.0356
89        3.64855
89       0.164569
89        1.90414
89        3.40817
89        2.85406
89       0.573403
90        2.33688
90       0.208161
90        3.69996
90        4.03049
90        3.72888
90          2.215
90         3.1536
90        4.54267
90        3.54173
90        2.36843
91        3.26914
91        1.59173
91        2.58029
91        1.88292
91        5.58811
91        4.17494
91        2.65585
91        4.99172
91       0.278178
91        4.92331
92        4.36607
92      0.0226314
92        1.30545
92        5.68711
92        3.01594
92        6.01368
92         5.6407
92        1.28012
92        4.68286
92       0.080396
93        1.00267
93        2.46567
93        3.43175
93        1.15029
93        1.17976
93        3.34864
93       0.336381
93        4.97465
93       0.809388
93        3.13863
94        6.21121
94        5.23575
94       0.253349
94        1.53101
94         2.7029
94       0.617215
94        5.37007
94        2.47031
94       0.321234
94       0.647676
95        4.33951
95        4.32609
95        4.67023
95        4.55889
95        2.37582
95        2.54504
95        2.87349
95        5.87414
95        1.77658
95        2.60176
96        4.20625
96        1.57605
96        3.69663
96       0.202081
96        1.47751
96        3.59548
96       0.341619
96       0.568443
96        1.00953
96        5.37704
97        4.51452
97        4.98765
97         2.0902
97        1.81344
97        4.20065
97        5.49912
97        2.51262
97        5.08656
97        1.74411
97         3.2991
98        2.03008
98        2.69883
98       0.469709
98        4.79879
98        6.18732
98        3.35575
98        5.53812
98        3.89682
98        1.06844
98        2.22254
99        3.90604
99        4.50662
99      0.0243298
99        3.36342
99        5.79564
99          1.347
99        2.28644
99       0.418242
99        6.13439
99       0.518594
100        4.66969
100       0.460921
100       0.440774
100        5.31265
100        4.85436
100        3.77604
100        4.11209
100       0.829221
100        5.84288
100        1.08656
